bestPath = [38 45 27 39 44 40 37 49 30 47 34 42 28 46 48 33 36 29 50 32 25 26 18 1 15 12 6 3 11 20 8 16 21 19 7 14 22 17 24 23 9 10 13 5 31 43 35 41 4 2 ];
